47.99998    1596
47.94997    1583
47.89997    1542
47.84998    1610
47.79998    1550
47.74998    1592
47.69997    1591
47.64997    1578
47.59998    1562
47.54998    1607
47.49998    1573
47.44997    1534
47.39997    1524
47.34998    1592
47.29998    1559
47.24998    1588
47.19997    1570
47.14997    1518
47.09998    1532
47.04998    1601
46.99998    1589
46.94997    1566
46.89997    1609
46.84998    1650
46.79998    1525
46.74998    1548
46.69997    1506
46.64997    1540
46.59998    1567
46.54998    1581
46.49998    1556
46.44997    1600
46.39997    1592
46.34998    1557
46.29998    1515
46.24998    1532
46.19997    1580
46.14997    1561
46.09998    1547
46.04998    1588
45.99998    1565
45.94997    1592
45.89997    1522
45.84998    1593
45.79998    1533
45.74998    1510
45.69997    1578
45.64997    1539
45.59998    1522
45.54998    1559
45.49998    1523
45.44997    1549
45.39997    1617
45.34998    1573
45.29998    1569
45.24998    1583
45.19997    1611
45.14997    1589
45.09998    1645
45.04998    1649
44.99998    1597
44.94997    1553
44.89997    1630
44.84998    1608
44.79998    1569
44.74998    1666
44.69997    1607
44.64997    1699
44.59998    1624
44.54998    1715
44.49998    1677
44.44997    1689
44.39997    1698
44.34998    1725
44.29998    1796
44.24998    1781
44.19997    1832
44.14997    1860
44.09998    1831
44.04998    1919
43.99998    1925
43.94997    1977
43.89997    1960
43.84998    1984
43.79998    2095
43.74998    2099
43.69997    2141
43.64997    2212
43.59998    2277
43.54998    2294
43.49998    2397
43.44997    2413
43.39997    2393
43.34998    2489
43.29998    2555
43.24998    2564
43.19997    2659
43.14997    2675
43.09998    2815
43.04998    2843
42.99998    2917
42.94997    3144
42.89997    3179
42.84998    3285
42.79998    3486
42.74998    3643
42.69997    3829
42.64997    3939
42.59998    4310
42.54998    4511
42.49998    4720
42.44997    5070
42.39997    5210
42.34998    5847
42.29998    5885
42.24998    6040
42.19997    6453
42.14997    6673
42.09998    6842
42.04998    6883
41.99998    7135
41.94997    7047
41.89997    7103
41.84998    7139
41.79998    7201
41.74998    7350
41.69997    7284
41.64997    7237
41.59998    7490
41.54998    7414
41.49998    7617
41.44997    7424
41.39997    7411
41.34998    7094
41.29998    6591
41.24998    6362
41.19997    5970
41.14997    5492
41.09998    5062
41.04998    4678
40.99998    4169
40.94997    3848
40.89997    3549
40.84998    3246
40.79998    2968
40.74998    2719
40.69997    2560
40.64997    2394
40.59998    2241
40.54998    2089
40.49998    2031
40.44997    1903
40.39997    1833
40.34998    1823
40.29998    1784
40.24998    1766
40.19997    1702
40.14997    1695
40.09998    1667
40.04998    1608
39.99998    1631
39.94997    1541
39.89997    1543
39.84998    1560
39.79998    1525
39.74998    1532
39.69997    1546
39.64997    1441
39.59998    1475
39.54998    1513
39.49998    1426
39.44997    1426
39.39997    1504
39.34998    1481
39.29998    1457
39.24998    1408
39.19997    1416
39.14997    1416
39.09998    1469
39.04998    1467
38.99998    1492
38.94997    1400
38.89997    1422
38.84998    1421
38.79998    1473
38.74998    1417
38.69997    1434
38.64997    1419
38.59998    1476
38.54998    1468
38.49998    1475
38.44997    1521
38.39997    1514
38.34998    1513
38.29998    1504
38.24998    1450
38.19997    1445
38.14997    1419
38.09998    1422
38.04998    1436
37.99998    1503
